5311104
447077
11537051
11594901
11493254
5281727
24856901
24756907
24826799
387042
89884852
11387605
51038269
16063245
72165228
5291
644241
3062316
46928937
25156740
42626200
11562629
25123000
25110837
49782106
25015762
46861598
76283824
46183444
72203009
72203013
89906474
58514479
66765887
72203014
72545600
72545851
25011745
136248912
135565531
25071810
25072757
59173275
44225624
44129660
45381436
44227512
45381323
454878
135468219
77280325
16090304
16090303
379493
11455910
137355972
3503
11404337
10281
24978538
118984457
4021
49846579
36314
454878
135468219
77280325
16090304
16090303
379493
11455910
137355972
3503
11404337
10281
24978538
118984457
4021
49846579
36314
2782689
24779760
11404337
24978538
24978538
5281426
9859248
15422868
10946795
2752461
11572699
11248490
24978538
9911652
10202471
5330797
3004085
481747
73292
6539361
5330598
5330597
5330596
11572699
4566
9859248
15422868
10946795
2752461
787236
10644450
5330258
6918852
59733314
67409219
11285001
72195175
23643975
5327686
23643976
86269224
44631912
5330286
68029831
11561674
46220502
57334219
53378895
46937330
44818950
89798202
739323
102397231
73292
5280443
5281607
10946795
2752461
11572699
5330258
72195175
86269224
44631912
5330286
68029831
11561674
46220502
57334219
11844342
24856436
9911652
10202471
5330797
3004085
481747
73292
6539361
5330598
5330597
5330596
11572699
4566
9859248
15422868
10946795
2752461
787236
10644450
5330258
6918852
59733314
67409219
11285001
72195175
23643975
5327686
23643976
86269224
44631912
5330286
68029831
11561674
46220502
57334219
53378895
46937330
44818950
89798202
739323
102397231
73292
5280443
5281607
10946795
2752461
11572699
5330258
72195175
86269224
44631912
5330286
68029831
11561674
46220502
57334219
71462653
44342825
9882812
9965141
44341053
44342872
9927379
9888071
44401305
44401339
11379392
11149404
11436024
11608171
11298778
11817702
11447748
11254470
11220728
11449823
11472431
11312563
11345433
10379373
11346934
11277483
11231829
11347053
11287488
9994848
23327627
44328873
44341224
22915465
44342886
44342905
44350718
44350703
11528707
11086699
298878
44350626
10967421
11747496
25798548
403373
9943996
14098189
44349481
11323577
44361923
11196500
21397854
44437883
44437880
44437879
44437878
44437877
44437876
44437874
44437873
44437872
44437870
44437869
44437868
785232
23648267
11708207
24759251
3082127
11637291
11572583
11694528
44418155
16655084
44418145
44418141
25002768
10242569
44418106
44418125
11427204
279980
5173
16095101
16095114
11449246
11426781
11381650
44591267
135903324
10383069
25032059
45141960
25151110
25151675
25190758
25190759
44454650
1133083
46884056
46884057
45141954
45141956
45141752
45141955
45141957
45141958
10998964
11075845
11139963
11129854
11128726
135894458
24757913
44138032
44591988
11120992
10314237
11822609
10891349
11044829
46918725
5353852
124134
16219259
107864
5353484
6918714
9799221
2746
11178958
6918877
56654642
49857317
9865515
11609955
4775
6918876
6445533
9804992
12136798
6918837
5311
118366974
126720707
86302675
71811260
130361892
56965342
118884610
44555024
73774655
130227480
126569528
118515590
118005782
117703583
86282321
117703439
86282179
86282178
86282451
117703493
130319551
124194015
90479372
71532921
117703486
86282589
117703541
52670832
46907787
118548317
118542373
102004282
13953710
52912189
59190723
135566899
57345400
71271629
234105
52670832
1091852
90684387
71291068
15990224
75124304
54669868
46907787
46943432
132010322
9936746
57389999
117928501
117928438
117928680
122553422
118095161
118095173
122553486
118437924
118548317
118487470
118542373
118437927
91971319
118437971
124182114
118487503
118437925
91864635
92045047
124182231
118437931
102004282
118080061
118080527
118079255
90448953
90647162
46943432
46907787
54670351
118021883
9936746
118196485
118467751
118224658
90410660
57389999
121412319
86582981
118224715
118224629
91824133
118076120
87057249
118076127
137051728
121375944
118467741
137051771
118467707
86566737
87057166
118340554
87055861
87055858
11976582
60138149
24863112
46864283
16095342
11950170
76955629
73603819
90096055
91895903
118010994
122507561
129159093
56596554
129159126
91669217
3547
6918454
46911016
60138149
24863112
25207521
46864283
51998
2396
454202
16095342
15604510
448043
66599893
73603819
118010994
90096055
91669217
118326165
129114209
56596554
1464
126961329
1549158
1132
64689
547
20628
125301
125377
9909677
20684516
3035776
6917987
6918273
16214485
3038512
9915861
65924
208900
60794
135696
129631910
101498
54599345
168566
394347
11646777
393111
454194
216232
56841091
115362
16126905
6475492
9828310
6918220
11984561
3081349
15942827
5480200
5813717
44475103
9935639
57327016
190
4915
4842
2123
3950
5746
5360373
135398738
4033
19972
2578
70682998
636397
5282473
30323
460612
77082
3690
2478
5394
2907
5702198
451668
426756
9887053
72173
1464
126961329
1549158
1132
64689
547
20628
125301
125377
9909677
20684516
3035776
6917987
6918273
16214485
3038512
9915861
65924
208900
60794
135696
129631910
101498
54599345
168566
394347
11646777
393111
454194
216232
56841091
115362
16126905
6475492
9828310
6918220
11984561
3081349
15942827
5480200
5813717
44475103
9935639
57327016
190
4915
4842
2123
3950
5746
5360373
135398738
4033
19972
2578
70682998
636397
5282473
30323
460612
77082
3690
2478
5394
2907
5702198
451668
426756
9887053
72173
1464
126961329
1549158
1132
64689
547
20628
125301
125377
9909677
20684516
3035776
6917987
6918273
16214485
3038512
9915861
65924
208900
60794
135696
129631910
101498
54599345
168566
394347
11646777
393111
454194
216232
56841091
115362
16126905
6475492
9828310
6918220
11984561
3081349
15942827
5480200
5813717
44475103
9935639
57327016
190
4915
4842
2123
3950
5746
5360373
135398738
4033
19972
2578
70682998
636397
5282473
30323
460612
77082
3690
2478
5394
2907
5702198
451668
426756
9887053
72173
9846339
6435808
11646777
9828310
9571836
60750
3657
97226
56603740
1826
5289019
15728264
6688
6868
196744
132714
9981577
46887131
46887132
135838975
46887286
24813913
44567153
5325817
57061
72034
9928668
135705573
11592352
159302
60956
177329
9941008
9887472
10294813
10950142
23631031
65954
71750
9877073
216300
397888
11533060
135564925
219023
104842
11297617
72402
9577124
6456014
59443782
46871946
3885
151115
472335
56935717
148202
24360
60699
5280445
60700
60838
97226
56603740
1826
5289019
15728264
6688
6868
196744
132714
9981577
46887131
46887132
135838975
46887286
24813913
44567153
5325817
57061
72034
9928668
135705573
11592352
159302
60956
177329
9941008
9887472
10294813
10950142
23631031
65954
71750
9877073
216300
397888
11533060
135564925
219023
104842
11297617
72402
9577124
6456014
59443782
46871946
3885
151115
472335
56935717
148202
24360
60699
5280445
60700
60838
72571
44279279
6603857
6444692
11620908
24756910
154824631
11488320
10113978; 9941095
9874913
25127713
10437018
156414
51038316
42642648
9903
9941306
9915743
51039094
153241
208908
11511120
71398
10184653
67307512
9931101
59142777
16129168
3795
9549299
9843206
11566580
24905142
2857
5328804
2063
2427
71556703
10360970
2051
5328042
11807783
4707
5328245
44331231
44331083
735125
2426
5328077
10494722
5328038
5328763
5328768
6603129
4708
9995195
5328755
5328753
135469328
3894
44442183
44442182
44442181
44442180
44442168
5714572
11572699
2776
44406548
11717472
10220590
15422868
11396738
10946795
2752461
15984068
5330524
5311104
6450172
10644450
14862522
638437
2052
2808977
2809539
2810910
10850934
1697
124437
6444692
4705
6918403
6918508
24739943
24756910
154824631
10113978; 9941095
71667668
11349170
6445562
10437018
156414
25127713
51038316
42642648
9915743
121280087
44609731
153241
4510
208908
176870
123631
56841751
11341869
11511120
10184653
3081361
67307512
216239
6711154
90468938
9931101
59142777
16129168
3795
9549299
9843206
11566580
24905142
2857
5328804
2063
2427
71556703
10360970
2051
5328042
11807783
4707
5328245
44331231
44331083
735125
2426
5328077
10494722
5328038
5328763
5328768
6603129
4708
9995195
5328755
5328753
135469328
3894
44442183
44442182
44442181
44442180
44442168
5714572
11572699
2776
44406548
11717472
10220590
15422868
11396738
10946795
2752461
15984068
5330524
5311104
6450172
10644450
14862522
638437
2052
2808977
2809539
2810910
10850934
1697
124437
6444692
4705
6918403
6918508
24739943
24756910
154824631
10113978; 9941095
71667668
11349170
6445562
10437018
156414
25127713
51038316
42642648
9915743
121280087
44609731
153241
4510
208908
176870
123631
56841751
11341869
11511120
10184653
3081361
67307512
216239
6711154
90468938
72571
44279279
6603857
6444692
11620908
24756910
154824631
11488320
10113978; 9941095
9874913
25127713
10437018
156414
51038316
42642648
9903
9941306
9915743
51039094
153241
208908
11511120
71398
10184653
67307512
208908
72571
44279279
6603857
6444692
11620908
24756910
154824631
11488320
10113978; 9941095
9874913
25127713
10437018
156414
51038316
42642648
9903
9941306
9915743
51039094
153241
208908
11511120
71398
10184653
67307512
9931101
59142777
16129168
3795
9549299
9843206
11566580
24905142
2857
5328804
2063
2427
71556703
10360970
2051
5328042
11807783
4707
5328245
44331231
44331083
735125
2426
5328077
10494722
5328038
5328763
5328768
6603129
4708
9995195
5328755
5328753
135469328
3894
44442183
44442182
44442181
44442180
44442168
5714572
11572699
2776
44406548
11717472
10220590
15422868
11396738
10946795
2752461
15984068
5330524
5311104
6450172
10644450
14862522
638437
2052
2808977
2809539
2810910
10850934
1697
124437
6444692
4705
6918403
6918508
24739943
24756910
154824631
10113978; 9941095
71667668
11349170
6445562
10437018
156414
25127713
51038316
42642648
9915743
121280087
44609731
153241
4510
208908
176870
123631
56841751
11341869
11511120
10184653
3081361
67307512
216239
6711154
90468938
25093303
11676786
56931136
46869123
56846693
90116675
44462760
42611257
50922675
6918454
24866313
5721470
10976469
11493598
2396
135451156
9859248
11396738
454202
5164
9956119
121408882
11719003
46926364
389898
9549284
11548630
135567102
74890577
10172827
44187362
44182295
10127622
11707110
10288191
11964036
9859309
16760391
10275789
24905142
11327430
11715743
25817490
9965345
10923175
11710022
11502854
11501108
11652716
11609490
11515664
11637964
11660428
11552705
11609954
11709748
11566823
11624481
11508573
11522900
11623973
11558836
11646132
11583137
11552020
11415057
11471732
269395
11289486
11426483
11174002
11437483
11437484
11346540
11358426
11471539
11277489
10039361
10083230
11448366
11482391
11358716
11185819
3045697
131255
9860529
3045696
11208656
10017389
10857738
11196279
11346012
11459783
16204165
16203712
21106426
16745325
21106400
10912743
10062895
16203255
16203469
16203599
16203354
16203714
16203472
16204047
16203946
16203943
16203942
16203941
5278396
16204050
16204049
649953
86292849
135151360
11964036
9859309
16760391
10275789
24905142
11327430
11715743
25817490
9965345
10923175
11710022
11502854
11501108
11652716
11609490
11515664
11637964
11660428
11552705
11609954
11709748
11566823
11624481
11508573
11522900
11623973
11558836
11646132
11583137
11552020
11415057
11471732
269395
11289486
11426483
11174002
11437483
11437484
11346540
11358426
11471539
11277489
10039361
10083230
11448366
11482391
11358716
11185819
3045697
131255
9860529
3045696
11208656
10017389
10857738
11196279
11346012
11459783
16204165
16203712
21106426
16745325
21106400
10912743
10062895
16203255
16203469
16203599
16203354
16203714
16203472
16204047
16203946
16203943
16203942
16203941
5278396
16204050
16204049
649953
86292849
135151360
33113
185698
17106
9825149
43743432
11476171
5376617
72435
11640390
6918454
24773090
11314340
135398501
12967404
2396
5908088
9859248
11424128
6438394
89808643
53262401
11707110; 2141795
46843057
49802864
156414
25227436
24785538
156422
24905142
11153014
45109868
71577234
53344793
46398830
53346432
71547929
46218331
46198319
10976469
763936
136043836
3707
448949
136043837
11845975
9914412
46885627
51346455
11712649
11569967
6420138
24856041
121333423
16041424
11442891
5494449
46207586
24771867
135398495
5329099
6918454
11676971
11844351
11153014
23657507
11540659
33113
712152
9549185
9549184
5730
9797370
2061
2396
44312363
9948853
44312580
9549183
3894
11562302
16086113
447077
9950176
10202642
5328733
5330524
5330525
5311104
11644425
5312137
5154691
23378546
25138018
5494449
3062316
107935
51346455
16124208
11569967
135567102
16007391
6420138
24856041
11442891
5494449
46207586
135398495
5329099
10976469
763936
136043836
3707
448949
136043837
11845975
9914412
46885627
51346455
11712649
11569967
6420138
24856041
121333423
16041424
11442891
5494449
46207586
24771867
135398495
5329099
454878
135468219
77280325
16090304
16090303
379493
11455910
137355972
3503
11404337
10281
24978538
118984457
4021
49846579
36314
10309597
6918506
44405214
46183322
56661181
10367264
157840
164454
6114166
11988330
16090832
9878556
16090836
44303123
124348
13285535
379514
386588
44367275
5315773
9948888
5380905
5468782
385176
385183
385181
386569
164612
11630982
17648
372869
4273
3826063
10436928
11661758
21143092
6437358
9843935
368697
46929961
6918099
11286005
46209467
45259014
462014
9896434
24786555
11414799
3035714
216324
9949641
40839
2082
5978
36314
5478977
115000
124348
13285535
379514
386588
44367275
5315773
9948888
5380905
5468782
385176
385183
385181
386569
164612
11630982
17648
372869
4273
3826063
44303123
9828138
643668
6918637
9871979
9934372
6437358
448013
10127315
45259014
2929
6918594
6918494
6918315
6918461
6445540
9854073
6167
5311497
10976469
763936
136043836
3707
448949
136043837
11845975
9914412
46885627
51346455
11712649
11569967
6420138
24856041
121333423
16041424
11442891
5494449
46207586
24771867
135398495
5329099
394493
19001
9700
13712
6030
65063
135398650
445503
135678105
135403830
847
445504
17753927
135488887
446468
444320
135398597
445505
7244
5288329
13945
448781
1567
135838247
135838221
437081
9875280
3047716
6918058
23663410
65950
65910
52919121
6440764
213022
135400184
135410875
3366
5790
135400182
6256
60953
3385
643975
5288605
69672
1174
134847
43157
3385
2767
72394
2392
688798
10038861
3084216
9809446
10719801
69057
44243425
44568364
44243459
44232525
44243461
44243462
44568337
44568336
44242844
44242845
10669736
44568763
44568668
11798
44243424
44242847
44242848
44568189
44568765
44568764
44568712
44568711
44568710
44568666
44243423
3908369
44251145
44251214
135908526
46225787
44251286
44251289
135433817
44251290
12567021
46225744
3385
31703
104758
3385
24180719
25212148
9869779
6419834
5329155
5329468
9797919
24905142
67161540
135461425
10077147
5329454
5329338
712152
5329369
5329370
9968373
975893
11174891
837182
5329404
5329843
5329844
5329846
5329847
11266872
11439243
5329849
5329850
44405988
5329006
5187941
5298698
1416247
1416020
44394105
44400432
5329103
5329450
6398883
5329361
11562302
18450753
18516979
44430881
22394620
44425819
12043829
11572699
16086113
16125106
42609931
44409436
44409370
135464491
11396738
10946795
2752461
22273644
23378546
10275001
73755145
11667893
10433653
9549295
11236560
86278317
16118392
24767976
6420138
54576299
11751922
44137946
68245
9811611
11349170
11656518
42642645
9808844
16662431
52920501
9933475
11234052
25031915
44480399
5329099
9915743
9911830
9823820
45139106
5329098
6450551
5329102
216239
11167602
11525740
3081361
2048
3385203
11676971
9869779
71624791
67161540
10158940
30819
91643
72512
97080
16125106
5330524
11667893
11282283
16662431
71584930
25151352
5291
5329098
216239
11167602
11525740
24826799
44225624
44227512
9869779
10907042
11554659
3385203
9817165
67161540
10158940
5329370
11550535
9797370
5329103
44331231
44331083
9927943
18770833
10445611
10244811
9882618
10398928
10468421
10331922
10336427
11778467
10083695
10106010
10401378
10447210
10446889
10422592
10083051
11776270
10017166
10424517
10355832
9971060
10060170
10085863
10422972
9903563
11778521
10402592
10039460
10242258
10243001
10354094
10354294
9972296
10243546
10402251
10265642
11722903
9994707
10061448
135449022
9179241
11098310
13393486
13454380
11562302
447077
11500099
5330528
44411967
5330527
5330535
10220822
135464491
11396738
5328733
5330524
5330525
5311104
3135
5328453
5328466
667662
13085778
44331209
22132763
22132767
44331325
22132655
22132626
22132780
44331127
44331261
44330968
22132666
13454368
606669
130724
24767976
44137946
16662431
25031915
5329098
216239
5468216
2048
5329102
44225624
44227512
9931101
59142777
16129168
3795
9549299
9843206
11566580
24905142
2857
5328804
2063
2427
71556703
10360970
2051
5328042
11807783
4707
5328245
44331231
44331083
735125
2426
5328077
10494722
5328038
5328763
5328768
6603129
4708
9995195
5328755
5328753
135469328
3894
44442183
44442182
44442181
44442180
44442168
5714572
11572699
2776
44406548
11717472
10220590
15422868
11396738
10946795
2752461
15984068
5330524
5311104
6450172
10644450
14862522
638437
2052
2808977
2809539
2810910
10850934
1697
124437
6444692
4705
6918403
6918508
24739943
24756910
154824631
10113978; 9941095
71667668
11349170
6445562
10437018
156414
25127713
51038316
42642648
9915743
121280087
44609731
153241
4510
208908
176870
123631
56841751
11341869
11511120
10184653
3081361
67307512
216239
6711154
90468938
129860730
3795
45275255
53232451
44605611
5455
74603
5328779
16750271
46892373
46866319
53380437
50922691
46213929
44595079
72704611
57990869
9804992
25062766
16722836
25126798
44205240
53354771
53372213
11487078
3795
3797
45275255
53380437
44603362
49831257
44595079
118878093
72704611
46851625
57928403
58557659
25126798
44205240
25126798
49784945
46927938
46917355
72550012
70798655
57519748
51001932
16654980
56649450
135565596
11851317
25151705
51033720
52936849
11964036
9907093
5287855
24937012
10275789
24905142
42623951
5281672
5289247
24882589
9884685
131255
9860529
9901372
44187953
11191229
6918732
3973
25167777
148177
46912230
52913813
49784945
54575456
10427712
11377191
11978790
57384863
58507717
124173720
17755052
9849735
16123056
1893730
66577114
44516953
11977753
16654980
51001932
50905713
135565596
135398501
9845566
43860
70817911
56963011
89808643
53262401
51042438
24964624
25227436
24964624
49784945
11964036
9907093
24937012
10275789
24905142
44137675
52913813
56949517
58507717
16654980
3971
49836027
24905142
135565635
10039361
9860529
10017389
44576241
44576240
135955186
25069592
46225260
25074312
16049458
135955185
25074311
51358113
54601137
59239165
46912230
46917355
68026984
58298316
11978790
58507717
135398516
45375953
25262792
5469318
16123056
44516953
57519748
11977753
66577114
6918289
5284616
9876378
9854320
25166913
11851317
25151705
51033720
52936849
11964036
9907093
5287855
24937012
10275789
24905142
42623951
5281672
5289247
24882589
9884685
131255
9860529
9901372
44187953
11191229
6918732
3973
25167777
148177
46912230
52913813
49784945
54575456
10427712
11377191
11978790
57384863
58507717
124173720
17755052
9849735
16123056
1893730
66577114
44516953
11977753
16654980
51001932
50905713
135565596
49784945
46927938
46917355
72550012
70798655
57519748
51001932
16654980
56649450
135565596
11851317
25151705
51033720
52936849
11964036
9907093
5287855
24937012
10275789
24905142
42623951
5281672
5289247
24882589
9884685
131255
9860529
9901372
44187953
11191229
6918732
3973
25167777
148177
46912230
52913813
49784945
54575456
10427712
11377191
11978790
57384863
58507717
124173720
17755052
9849735
16123056
1893730
66577114
44516953
11977753
16654980
51001932
50905713
135565596
135398501
9845566
43860
70817911
56963011
89808643
53262401
51042438
24964624
25227436
6918454
23653175
9859248
454202
51371303
89808643
3971
49836027
24905142
135565635
10039361
9860529
10017389
44576241
44576240
135955186
25069592
46225260
25074312
16049458
135955185
25074311
51358113
54601137
59239165
46912230
46917355
68026984
58298316
11978790
58507717
135398516
45375953
25262792
5469318
16123056
44516953
57519748
11977753
66577114
6918289
5284616
9876378
9854320
25166913
2882
5289228
5289227
13373715
448968
3777900
7870
433447
6323491
4369536
91929099
108003
66541
984170
9893658
5288382
44156921
9852573
11955716
448965
44195571
135539077
6505803
16736529
135446210
23116322
2161
2680
387447
86290439
44365677
10696098
2332
23646462
23646461
154118
44331282
9872263
1507
44255320
44272875
44331573
44331823
44332077
44332057
6917805
21707121
44392405
3492365
10038543
65921
5287596
188403
105102
387447
183797
11740077
25067547
443118
9877196
24800541
11556711
49867936
387447
10316032
91754554
11655119
60182389
60182364
10361101
447966
11197671
11403950
9796486
11231979
16654987
10202642
9967941
9858940
6456587
4521392
121249291
118211239
86290265
10090485
1401
53340664
672296
24905142
11844351
6419766
67161540
11153014
44300143
44300176
30819
165339
5287465
447536
446795
5287515
5287463
447527
447522
447532
5289215
5287555
5287461
5287443
12793
5287488
5287550
447523
447534
447524
971
75791
46937131
5311381
9549184
9797370
44312287
44312363
44312580
44312308
44312289
44312288
44312309
9549183
11562302
44422490
9844320
44419363
447077
1728080
1075248
2250919
10301426
1049055
1036901
1094114
1097674
821478
44412126
44412139
44412037
44412130
44412129
44412138
44412036
44412137
44412001
5328733
5330524
5330525
5311104
5312137
5154691
25210550
44517649
11656591
354471
135463744
4709
445561
11545920
137455315
25017411
5311102
11341869
3062316
5311382
53372213
53354771
76283824
1401
46834118
5941540
9826324
118295624
71611869
66555680
71621331
53235510
5328127
1401
24180719
25212148
9869779
6419834
5329155
5329468
9797919
24905142
67161540
135461425
10077147
5329454
5329338
712152
5329369
5329370
9968373
975893
11174891
837182
5329404
5329843
5329844
5329846
5329847
11266872
11439243
5329849
5329850
44405988
5329006
5187941
5298698
1416247
1416020
44394105
44400432
5329103
5329450
6398883
5329361
11562302
18450753
18516979
44430881
22394620
44425819
12043829
11572699
16086113
16125106
42609931
44409436
44409370
135464491
11396738
10946795
2752461
22273644
23378546
10275001
73755145
11667893
10433653
9549295
11236560
86278317
16118392
24767976
6420138
54576299
11751922
44137946
68245
9811611
11349170
11656518
42642645
9808844
16662431
52920501
9933475
11234052
25031915
44480399
5329099
9915743
9911830
9823820
45139106
5329098
6450551
5329102
216239
11167602
11525740
3081361
2048
1401
53340664
672296
24905142
11844351
6419766
67161540
11153014
44300143
44300176
30819
165339
5287465
447536
446795
5287515
5287463
447527
447522
447532
5289215
5287555
5287461
5287443
12793
5287488
5287550
447523
447534
447524
971
75791
46937131
5311381
9549184
9797370
44312287
44312363
44312580
44312308
44312289
44312288
44312309
9549183
11562302
44422490
9844320
44419363
447077
1728080
1075248
2250919
10301426
1049055
1036901
1094114
1097674
821478
44412126
44412139
44412037
44412130
44412129
44412138
44412036
44412137
44412001
5328733
5330524
5330525
5311104
5312137
5154691
25210550
44517649
11656591
354471
135463744
4709
445561
11545920
137455315
25017411
5311102
11341869
3062316
5311382
53372213
53354771
76283824
5311104
447077
11537051
11594901
11493254
5281727
24856901
24756907
24826799
387042
89884852
11387605
51038269
16063245
72165228
5291
644241
3062316
46928937
25156740
42626200
11562629
25123000
25110837
49782106
25015762
46861598
76283824
46183444
72203009
72203013
89906474
58514479
66765887
72203014
72545600
72545851
25011745
136248912
135565531
25071810
25072757
59173275
44225624
44129660
45381436
44227512
45381323
6918454
11676971
11844351
11153014
23657507
11540659
33113
712152
9549185
9549184
5730
9797370
2061
2396
44312363
9948853
44312580
9549183
3894
11562302
16086113
447077
9950176
10202642
5328733
5330524
5330525
5311104
11644425
5312137
5154691
23378546
25138018
5494449
3062316
11153014
9797370
11396738
9823787
23378546
3062316
25212148
10461815
9549297
56597775
11650194
44256277
50942314
45270766
22028181
45272467
46194178
46911863
45142457
24779724
17754438
25134692
16118392
54576299
137455315
71576419
139350422
44137946
25182860
44181686
44603533
42642645
49802864
72202701
11494412
25145656
25171648
11626560
72695720
135565923
154699459
11626560
71731823
57325421
25182616
46906624
46871638
46871653
25229528
57325421
57345941
25134326
57345941
135565923
71731823
49806720
11626560
57379345
68165256
71731823
11626560
10316032
91754554
11655119
60182389
60182364
10361101
447966
11197671
11403950
9796486
11231979
16654987
10202642
9967941
9858940
6456587
4521392
121249291
118211239
86290265
10090485
73014169
9833838
10090485
24768536
40632
3820
448949
176158
56603751
9831814
433294
4124851
9956119
448014
10029385
3028194
3121
668231
71680628
49831011
71715288
9944655
24772168
9800945
71715287
1478036
24858859
72695231
25253820
