49846579
176870
5311
17755052
56649450
23725625
51039095
644241
44137675
11488320
11640390
10090485
11977753
10384072
44462760
51001932
3385
387447
46926973
46907787
25262965
11626560
24785538
135398516
3062316
51371303
5330286
11433190
1401
11707110
5278396
24360
51042438
208908
156422
10184653
9887053
135539077
5394
9858940
5311497
135400873
176158
9914412
11152667
24978538
4261
60838
24856436
36314
60750
5494449
11364421
10184653
25126798
5702198
11327430
6450551
24866313
44631912
16095342
24964624
216239
24771867
148124